34,36,40,58,7:0.88
29,40,52,7,9:0.85
34,48,52,60,66:0.85
29,3,40,58,7:0.86
36,52,56,58,62:0.88
40,48,60,62,7:0.85
34,5,52,56,58:0.85
29,5,52,58,7:0.89
29,34,40,5,66:0.85
29,34,40,52,62:0.90
29,48,60,62,66:0.86
34,40,5,60,7:0.85
34,36,52,60,66:0.87
36,40,52,58,66:0.90
29,36,48,58,62:0.89
29,40,5,58,60:0.91
36,40,56,58,62:0.88
40,48,52,66,7:0.85
29,48,52,56,58:0.88
34,52,56,58,66:0.85
29,36,60,62,66:0.87
36,48,52,60,66:0.89
29,36,40,60,62:0.90
52,56,58,62,66:0.86
29,40,5,58,62:0.89
29,40,58,60,7:0.94
34,36,58,60,62:0.87
29,36,52,56,58:0.91
29,5,58,62,66:0.85
29,56,60,62,66:0.86
34,40,52,60,62:0.89
36,48,58,60,62:0.88
36,52,56,58,66:0.86
29,34,5,52,7:0.87
29,34,40,52,66:0.89
29,40,58,60,9:0.88
40,48,60,66,7:0.86
29,40,58,62,7:0.91
34,56,58,60,62:0.86
29,36,48,58,66:0.89
36,40,56,58,66:0.85
3,40,52,58,7:0.85
34,36,40,5,52:0.86
29,36,40,60,66:0.90
29,40,58,7,9:0.85
34,48,58,60,66:0.86
40,5,52,56,58:0.87
29,34,40,62,66:0.86
29,40,48,58,60:0.92
36,40,52,60,62:0.90
29,40,5,58,66:0.88
29,34,48,52,60:0.88
29,40,58,62,9:0.85
34,36,58,60,66:0.87
34,52,56,60,62:0.86
36,56,58,60,62:0.87
40,5,58,60,7:0.87
34,40,56,60,62:0.86
29,40,48,58,62:0.89
36,48,58,60,66:0.89
29,52,60,62,66:0.90
36,52,58,60,7:0.91
34,40,52,60,66:0.89
40,5,58,62,7:0.86
29,48,5,58,60:0.86
29,40,58,66,7:0.90
34,52,58,60,62:0.89
29,40,60,62,66:0.90
34,56,58,60,66:0.85
29,34,48,52,62:0.85
36,52,56,60,62:0.87
36,52,58,60,9:0.85
29,40,52,56,58:0.93
36,40,56,60,62:0.87
29,36,48,60,62:0.88
34,40,58,60,62:0.89
36,40,52,60,66:0.90
29,40,5,52,7:0.88
36,52,58,62,7:0.89
34,52,56,60,66:0.85
36,56,58,60,66:0.86
29,48,58,60,7:0.89
36,52,58,60,62:0.91
29,34,5,58,7:0.87
29,34,36,56,58:0.87
40,48,52,58,60:0.92
29,40,48,58,66:0.89
34,36,40,5,58:0.87
34,52,56,60,7:0.86
36,56,58,60,7:0.87
29,40,5,60,62:0.87
36,40,58,60,62:0.91
29,48,58,62,7:0.86
36,52,56,60,66:0.86
29,34,48,52,66:0.85
29,34,36,52,56:0.87
34,52,58,60,66:0.90
29,40,48,5,60:0.86
34,36,5,58,60:0.86
29,36,48,60,66:0.89
36,40,56,60,66:0.85
40,48,52,58,62:0.89
36,52,58,66,7:0.88
36,56,58,62,7:0.85
34,40,58,60,66:0.90
29,52,56,58,7:0.91
25,29,40,58,60:0.87
36,52,58,60,66:0.91
29,34,36,52,58:0.92
34,36,58,60,7:0.87
29,40,62,66,7:0.86
29,40,5,58,7:0.89
34,36,40,48,60:0.87
29,40,5,60,66:0.88
36,40,58,60,66:0.91
29,3,58,60,7:0.85
40,48,56,58,60:0.87
34,40,48,58,7:0.85
29,34,5,56,58:0.85
29,52,56,58,9:0.86
29,48,58,66,7:0.86
40,52,56,60,7:0.89
34,36,40,58,60:0.90
29,40,48,60,62:0.88
29,3,40,58,60:0.87
40,48,56,58,62:0.85
40,48,52,58,66:0.89
48,52,60,62,7:0.85
52,56,58,60,7:0.90
29,5,58,60,7:0.88
40,52,56,62,7:0.88
34,36,40,58,62:0.88
29,34,5,52,56:0.85
29,36,40,5,7:0.86
36,5,52,58,60:0.88
52,56,58,62,7:0.88
34,40,56,58,7:0.87
29,5,58,62,7:0.86
36,40,5,52,58:0.89
29,34,5,52,58:0.90
29,40,48,60,66:0.89
34,52,60,62,7:0.86
34,40,52,56,7:0.86
36,5,52,58,62:0.86
48,52,60,66,7:0.86
29,58,60,7,9:0.85
29,36,5,52,58:0.89
40,52,56,58,60:0.92
25,29,48,58,60:0.85
34,36,40,58,66:0.87
40,52,56,66,7:0.85
40,48,52,60,62:0.88
52,58,60,62,66:0.90
52,56,58,66,7:0.86
34,40,52,58,7:0.91
29,5,58,66,7:0.85
48,58,60,62,7:0.86
34,52,60,66,7:0.87
29,48,52,56,60:0.87
40,52,56,58,62:0.91
34,36,48,58,60:0.88
40,52,60,62,7:0.90
36,5,52,58,66:0.85
29,36,52,56,60:0.89
29,34,52,58,60:0.93
34,40,52,58,9:0.85
40,48,52,60,66:0.89
29,48,52,56,62:0.85
29,34,40,48,52:0.88
34,58,60,62,7:0.86
34,5,52,58,7:0.87
36,48,5,52,58:0.86
29,34,52,58,62:0.91
29,36,52,56,62:0.88
56,58,60,62,66:0.86
48,58,60,66,7:0.86
34,36,40,60,62:0.86
40,48,58,60,62:0.89
36,5,52,58,7:0.86
40,5,52,56,60:0.85
36,48,60,62,66:0.85
40,52,56,58,66:0.88
34,36,52,56,58:0.87
40,56,60,62,7:0.86
40,52,60,66,7:0.90
25,29,36,48,58:0.85
29,34,56,58,60:0.89
36,48,52,56,58:0.88
34,58,60,66,7:0.87
48,52,56,58,60:0.88
40,58,60,62,7:0.90
25,29,36,40,52:0.86
29,34,52,58,66:0.90
40,56,58,60,62:0.90
34,48,52,58,7:0.86
34,36,40,60,66:0.87
29,34,56,58,62:0.87
34,40,48,58,60:0.88
29,36,52,56,66:0.86
29,40,52,56,60:0.92
29,34,40,48,58:0.89
52,58,62,66,7:0.87
40,48,58,60,66:0.89
48,52,56,58,62:0.86
36,40,48,58,60:0.92
29,34,36,56,60:0.86
29,36,40,56,58:0.90
40,52,56,60,62:0.89
34,40,48,58,62:0.85
34,52,60,62,66:0.86
40,56,60,66,7:0.85
25,36,40,52,58:0.86
34,36,40,5,60:0.85
34,40,60,62,66:0.86
36,5,52,60,66:0.85
29,40,52,56,62:0.90
36,40,48,58,62:0.89
29,52,58,60,7:0.94
40,56,58,60,66:0.88
34,40,5,52,7:0.86
29,34,56,58,66:0.85
29,48,52,62,66:0.85
40,58,60,66,7:0.90
36,52,60,62,66:0.87
40,52,58,60,62:0.93
29,36,40,52,56:0.90
34,40,52,56,58:0.89
36,40,60,62,66:0.87
29,34,52,60,62:0.89
29,36,52,62,66:0.87
40,48,52,58,7:0.89
29,52,58,60,9:0.88
29,52,58,62,7:0.91
29,36,40,52,58:0.95
36,40,5,52,7:0.85
36,40,48,60,7:0.88
29,34,36,52,60:0.90
25,29,36,40,58:0.86
40,52,56,60,66:0.88
36,40,52,56,58:0.91
29,34,48,60,7:0.85
34,40,5,58,60:0.88
29,40,52,56,66:0.88
29,34,36,60,7:0.87
29,34,36,52,62:0.88
40,52,58,60,66:0.93
29,3,36,40,58:0.85
29,52,58,62,9:0.86
29,56,58,60,7:0.90
36,40,48,58,66:0.88
29,36,48,60,7:0.89
29,34,56,60,62:0.86
34,40,5,58,62:0.87
36,40,56,60,7:0.86
36,5,58,60,66:0.86
34,40,58,60,7:0.90
29,34,52,60,66:0.90
29,34,56,60,7:0.86
29,56,58,62,7:0.88
29,36,48,56,58:0.87
34,40,5,58,7:0.86
29,48,58,62,66:0.86
29,52,58,66,7:0.90
25,36,48,52,58:0.85
34,40,58,62,7:0.87
29,34,58,60,62:0.90
36,40,5,52,60:0.87
29,36,48,62,7:0.85
29,36,58,62,66:0.87
29,34,36,52,66:0.87
29,36,48,52,56:0.87
48,52,58,60,62:0.89
29,40,52,62,66:0.89
29,34,5,52,60:0.89
34,5,58,60,7:0.86
29,40,5,56,58:0.87
29,36,56,60,7:0.87
36,40,5,58,7:0.86
29,56,58,62,66:0.86
29,34,56,60,66:0.85
36,40,52,60,7:0.91
36,40,5,52,62:0.86
34,40,5,58,66:0.86
36,40,48,60,62:0.88
29,34,52,60,7:0.90
29,36,5,52,60:0.88
29,34,5,52,62:0.87
29,56,58,66,7:0.86
29,40,5,52,56:0.87
29,36,56,62,7:0.85
29,36,48,52,58:0.93
36,40,52,62,7:0.88
29,36,48,66,7:0.85
29,34,40,60,7:0.90
29,34,58,60,66:0.90
34,40,48,60,66:0.85
34,40,58,66,7:0.86
29,52,56,62,66:0.86
48,52,58,60,66:0.90
29,34,52,62,7:0.87
5,58,60,62,66:0.85
29,40,5,52,58:0.92
29,36,5,52,62:0.86
29,36,52,60,7:0.91
29,5,52,58,60:0.91
29,40,56,62,66:0.86
29,34,36,40,48:0.88
29,34,40,62,7:0.87
36,40,48,60,66:0.88
29,40,48,56,58:0.88
29,36,40,60,7:0.91
29,52,62,66,7:0.86
29,52,58,62,66:0.90
34,48,58,60,7:0.85
36,40,60,62,7:0.87
29,36,52,60,9:0.85
29,34,5,52,66:0.86
29,5,52,58,62:0.89
34,40,5,60,62:0.85
29,40,58,62,66:0.90
48,52,56,58,7:0.85
29,36,52,62,7:0.88
29,40,48,52,56:0.87
36,48,5,52,60:0.85
29,34,60,62,7:0.86
29,36,40,62,7:0.88
36,40,52,66,7:0.87
29,5,56,58,60:0.86
29,34,52,66,7:0.87
40,48,5,58,60:0.86
34,36,52,56,60:0.86
29,36,5,52,66:0.85
36,48,52,56,60:0.87
29,36,60,62,7:0.87
29,40,48,52,58:0.93
36,48,52,60,7:0.89
29,34,40,66,7:0.86
34,52,56,58,7:0.87
40,48,60,62,66:0.85
40,48,58,60,7:0.89
29,36,52,66,7:0.87
25,29,36,58,60:0.86
34,40,5,60,66:0.86
29,5,52,58,66:0.88
36,40,60,66,7:0.87
29,34,60,66,7:0.87
36,48,52,62,7:0.85
29,36,40,66,7:0.87
29,58,62,66,7:0.87
40,48,52,56,58:0.88
40,48,58,62,7:0.86
29,34,40,48,60:0.88
29,48,5,52,58:0.87
3,52,58,60,7:0.85
52,60,62,66,7:0.87
29,36,60,66,7:0.88
29,36,40,56,60:0.89
25,36,40,52,60:0.85
29,34,40,58,60:0.93
40,56,60,62,66:0.86
40,52,56,58,7:0.90
40,52,58,7,9:0.85
34,40,52,56,60:0.88
36,48,52,66,7:0.85
29,36,40,56,62:0.88
29,34,40,58,62:0.91
29,5,52,60,62:0.88
34,36,40,56,58:0.86
40,48,58,66,7:0.86
40,52,56,58,9:0.85
40,52,60,62,66:0.90
25,29,36,40,60:0.85
34,36,5,52,58:0.87
34,40,52,56,62:0.87
29,36,40,52,60:0.94
36,40,52,56,60:0.89
34,36,40,52,56:0.86
36,48,60,66,7:0.85
25,29,40,52,58:0.88
29,34,40,58,66:0.89
29,36,40,52,62:0.91
29,5,52,60,66:0.88
36,40,52,56,62:0.88
29,36,40,56,66:0.85
29,3,40,52,58:0.88
34,36,40,52,58:0.91
52,56,58,60,62:0.90
29,36,48,56,60:0.87
29,5,58,60,62:0.88
29,34,48,58,60:0.88
25,29,52,58,7:0.85
29,34,36,48,52:0.88
29,58,60,62,66:0.90
29,40,48,60,7:0.89
29,36,40,52,66:0.90
36,40,52,56,66:0.85
29,40,5,56,60:0.85
29,34,48,58,62:0.85
29,36,5,52,7:0.86
29,40,48,62,7:0.86
29,34,40,60,62:0.89
29,36,40,62,66:0.87
29,34,60,62,66:0.86
29,5,58,60,66:0.88
52,56,58,60,66:0.89
48,52,60,62,66:0.86
29,36,48,52,60:0.92
29,34,52,56,58:0.90
29,52,58,7,9:0.86
29,40,56,60,7:0.89
25,29,48,52,58:0.85
36,48,58,62,66:0.85
34,40,52,62,66:0.86
29,34,48,58,66:0.86
48,52,58,60,7:0.89
29,40,56,62,7:0.88
29,40,5,52,60:0.90
29,36,48,52,62:0.88
29,34,40,60,66:0.90
29,34,36,48,58:0.88
34,36,48,52,58:0.88
29,40,48,66,7:0.85
29,40,48,56,60:0.87
36,40,52,62,66:0.87
29,40,52,60,7:0.93
36,40,48,52,7:0.89
29,36,5,58,7:0.86
29,40,5,52,62:0.88
48,52,58,62,7:0.86
34,52,58,60,7:0.90
36,52,56,60,7:0.87
29,34,36,40,52:0.91
29,34,48,52,7:0.86
29,40,52,62,7:0.91
29,34,36,52,7:0.88
29,40,52,60,9:0.88
5,58,60,66,7:0.85
3,40,52,58,60:0.87
34,52,58,62,66:0.86
29,40,56,66,7:0.85
29,36,48,52,66:0.88
36,52,56,62,7:0.85
34,52,58,62,7:0.87
34,40,58,62,66:0.86
29,36,48,52,7:0.89
29,40,48,52,60:0.92
40,5,52,60,7:0.87
36,52,58,62,66:0.87
29,40,5,52,66:0.88
36,40,48,56,58:0.87
48,52,58,66,7:0.86
29,40,52,62,9:0.85
29,34,36,40,56:0.86
29,40,48,52,62:0.89
40,48,52,56,60:0.87
29,40,60,62,7:0.90
34,56,58,60,7:0.86
29,60,62,66,7:0.87
36,40,58,62,66:0.87
36,40,48,58,7:0.89
34,40,48,52,58:0.88
36,40,48,52,56:0.87
40,5,52,62,7:0.85
29,40,52,66,7:0.90
29,48,5,52,60:0.86
40,52,58,60,7:0.94
34,52,58,66,7:0.87
29,34,36,40,58:0.91
40,48,52,56,62:0.85
29,34,48,58,7:0.86
5,52,56,58,60:0.86
29,34,48,60,66:0.86
29,48,52,60,7:0.89
40,52,58,62,7:0.91
29,34,36,58,7:0.89
40,52,58,60,9:0.88
36,40,48,52,58:0.92
29,34,40,52,7:0.91
29,40,48,52,66:0.89
29,36,48,58,7:0.89
36,40,56,58,7:0.87
5,52,56,58,62:0.85
29,40,60,66,7:0.90
29,48,52,62,7:0.86
48,5,52,58,60:0.86
29,34,56,58,7:0.87
34,36,40,56,60:0.85
25,48,52,58,60:0.85
36,52,60,62,7:0.87
40,56,58,60,7:0.89
40,52,58,62,9:0.85
29,40,48,62,66:0.85
25,36,52,58,60:0.86
34,36,5,52,60:0.86
29,34,40,52,9:0.85
36,40,52,56,7:0.87
29,36,40,52,7:0.92
36,40,48,5,52:0.85
29,36,56,58,7:0.88
25,29,40,52,60:0.87
40,56,58,62,7:0.88
40,52,58,66,7:0.90
29,34,52,56,7:0.87
34,40,5,52,58:0.89
29,34,40,5,7:0.86
34,36,52,60,7:0.87
29,36,40,52,9:0.86
29,34,40,56,7:0.87
36,40,52,58,7:0.92
34,5,52,58,60:0.89
29,3,52,60,7:0.85
29,48,60,62,7:0.85
29,36,52,56,7:0.88
29,34,52,58,7:0.91
29,3,40,52,60:0.87
29,34,36,5,52:0.87
34,36,40,52,60:0.90
29,48,52,58,60:0.93
36,52,60,66,7:0.88
34,36,40,60,7:0.87
29,48,52,66,7:0.86
29,36,48,5,52:0.86
36,40,52,58,9:0.86
29,36,40,56,7:0.87
29,5,52,60,7:0.88
29,36,52,58,60:0.95
34,5,52,58,62:0.87
29,34,40,58,7:0.91
29,34,52,58,9:0.86
29,48,52,58,62:0.89
34,36,40,52,62:0.87
40,48,52,62,66:0.85
29,36,52,58,7:0.93
29,36,40,48,52:0.92
36,58,60,62,7:0.88
40,56,58,66,7:0.85
29,5,52,62,7:0.86
29,5,60,62,66:0.85
52,56,60,62,66:0.86
29,36,40,58,7:0.92
29,36,52,58,62:0.92
29,48,60,66,7:0.86
29,34,40,58,9:0.85
25,40,52,58,60:0.87
29,5,52,56,58:0.87
29,36,52,58,9:0.86
56,58,60,62,7:0.87
36,40,48,5,58:0.86
29,48,56,58,60:0.88
40,5,52,58,60:0.90
40,52,62,66,7:0.86
34,5,52,58,66:0.86
34,58,60,62,66:0.87
29,34,52,56,60:0.89
29,36,40,58,9:0.86
29,36,56,58,60:0.90
29,48,56,58,62:0.85
29,34,36,5,58:0.87
52,56,60,62,7:0.87
40,5,52,58,62:0.89
36,58,60,66,7:0.88
29,48,52,58,66:0.89
29,36,40,48,56:0.87
5,52,58,60,62:0.88
34,36,40,52,66:0.86
29,36,56,58,62:0.88
29,36,48,5,58:0.86
29,34,40,5,52:0.89
36,58,60,62,66:0.87
29,34,52,56,62:0.87
29,36,52,58,66:0.91
36,48,52,58,7:0.89
52,58,60,62,7:0.90
40,5,56,58,60:0.86
40,48,58,62,66:0.85
29,34,36,48,60:0.88
29,40,52,58,60:0.97
29,36,40,48,58:0.92
34,36,48,52,60:0.88
56,58,60,66,7:0.86
29,36,40,5,52:0.89
29,34,36,58,60:0.91
34,5,52,60,62:0.85
52,56,60,66,7:0.86
5,52,58,60,66:0.88
29,40,52,58,62:0.94
40,5,52,58,66:0.88
29,5,60,66,7:0.85
40,56,58,62,66:0.86
29,36,56,58,66:0.86
29,52,56,58,60:0.92
29,34,5,60,7:0.86
29,48,52,60,62:0.88
29,34,36,58,62:0.88
29,34,52,56,66:0.85
40,58,62,66,7:0.86
29,40,56,58,60:0.92
29,36,52,60,62:0.91
40,48,5,52,58:0.86
52,58,60,66,7:0.91
40,52,56,62,66:0.86
29,52,56,58,62:0.91
29,34,40,5,58:0.90
29,34,40,56,58:0.89
36,40,48,56,60:0.86
34,5,52,60,66:0.86
36,40,5,58,60:0.88
29,40,56,58,62:0.91
29,40,52,58,66:0.93
29,40,48,52,7:0.89
25,29,36,52,58:0.87
29,34,36,58,66:0.87
29,36,40,5,58:0.89
29,48,52,60,66:0.89
29,34,40,52,56:0.89
40,5,52,60,62:0.87
29,34,5,58,60:0.89
29,52,56,60,7:0.90
34,40,48,52,60:0.88
40,52,58,62,66:0.90
36,40,5,58,62:0.86
34,5,58,60,62:0.86
29,40,5,60,7:0.87
36,40,58,60,7:0.91
29,34,52,62,66:0.86
29,34,36,40,60:0.90
29,36,52,60,66:0.91
29,36,56,60,62:0.87
29,3,36,52,58:0.86
29,36,5,58,60:0.88
29,52,56,62,7:0.88
36,40,48,52,60:0.91
29,34,40,52,58:0.94
29,48,58,60,62:0.89
29,34,5,58,62:0.87
29,52,56,58,66:0.89
29,34,36,40,5:0.87
29,34,58,60,7:0.90
29,34,36,40,62:0.88
29,36,58,60,62:0.91
29,40,5,62,7:0.85
29,40,56,58,66:0.88
36,40,58,62,7:0.88
29,36,5,58,62:0.86
36,40,48,52,62:0.88
29,34,58,62,7:0.88
29,40,52,60,62:0.93
29,34,36,40,7:0.88
40,5,52,60,66:0.88
29,36,58,60,7:0.92
34,5,58,60,66:0.86
34,40,56,60,7:0.85
29,34,36,60,62:0.87
29,56,58,60,62:0.90
29,36,56,60,66:0.86
29,40,48,58,7:0.89
29,48,58,60,66:0.90
29,34,5,58,66:0.86
29,36,58,60,9:0.85
40,5,58,60,62:0.88
29,52,56,66,7:0.86
29,36,58,62,7:0.89
29,34,58,62,66:0.86
36,48,5,58,60:0.86
29,52,56,60,62:0.89
36,40,58,66,7:0.87
29,34,36,40,66:0.86
34,40,5,52,60:0.88
29,36,58,60,66:0.91
29,40,56,58,7:0.90
29,34,58,66,7:0.87
48,52,58,62,66:0.86
29,40,52,60,66:0.93
36,40,48,52,66:0.88
29,36,5,58,66:0.85
29,40,56,60,62:0.89
34,40,5,52,62:0.86
29,56,58,60,66:0.89
36,48,58,60,7:0.89
29,52,58,60,62:0.94
29,52,60,62,7:0.90
34,40,52,60,7:0.89
29,34,36,60,66:0.87
29,40,52,56,7:0.90
29,40,58,60,62:0.93
25,29,52,58,60:0.88
29,40,56,58,9:0.85
29,36,58,66,7:0.88
29,34,48,52,58:0.89
40,5,58,60,66:0.88
29,52,56,60,66:0.89
36,48,58,62,7:0.85
29,34,5,60,62:0.85
34,48,52,58,60:0.88
34,40,52,62,7:0.87
29,40,48,5,52:0.86
29,40,52,56,9:0.85
29,40,56,60,66:0.88
58,60,62,66,7:0.87
29,3,52,58,60:0.87
29,40,52,58,7:0.95
34,5,52,60,7:0.85
29,34,36,48,7:0.85
34,36,52,58,60:0.90
29,5,52,56,60:0.86
34,40,5,52,66:0.85
34,36,40,48,52:0.88
36,52,56,58,7:0.88
34,48,52,58,62:0.85
29,56,60,62,7:0.87
25,36,40,58,60:0.86
36,48,52,58,60:0.92
29,52,58,60,66:0.94
29,52,60,66,7:0.90
29,34,36,5,60:0.86
29,40,52,58,9:0.89
29,40,58,60,66:0.93
34,36,52,58,62:0.88
34,40,60,62,7:0.86
34,40,52,66,7:0.86
29,58,60,62,7:0.90
29,34,5,60,66:0.86
36,48,52,58,62:0.89
36,48,58,66,7:0.85
29,36,48,5,60:0.85
40,5,52,58,7:0.88
29,48,56,58,7:0.85
29,36,40,48,60:0.91
34,36,56,58,60:0.86
5,52,58,60,7:0.88
40,58,60,62,66:0.90
29,36,40,58,60:0.94
29,40,48,5,58:0.86
36,48,56,58,60:0.87
29,56,60,66,7:0.86
34,48,52,58,66:0.85
29,36,5,60,66:0.85
34,36,52,58,66:0.87
29,48,52,56,7:0.85
34,36,48,58,7:0.85
34,40,60,66,7:0.86
5,52,58,62,7:0.86
29,36,40,48,62:0.88
29,36,40,58,62:0.92
36,48,52,58,66:0.89
29,36,40,48,5:0.86
34,40,52,58,60:0.93
29,58,60,66,7:0.91
29,34,40,48,7:0.85
34,36,40,48,58:0.88
40,60,62,66,7:0.86
34,36,40,52,7:0.88
40,48,5,52,60:0.85
29,48,52,58,7:0.90
29,3,40,52,7:0.85
34,40,52,58,62:0.90
36,40,52,58,60:0.94
29,36,40,48,7:0.89
29,34,40,56,60:0.88
29,34,40,5,60:0.88
40,48,52,60,7:0.89
29,36,40,48,66:0.88
25,29,36,52,60:0.86
34,52,56,58,60:0.89
34,40,56,58,60:0.88
36,40,52,58,62:0.92
29,34,40,56,62:0.87
29,36,40,5,60:0.88
34,36,52,60,62:0.86
29,34,40,5,62:0.86
29,36,40,58,66:0.90
34,52,56,58,62:0.87
36,52,56,58,60:0.90
36,48,52,60,62:0.88
40,48,52,62,7:0.85
29,3,52,58,7:0.86
34,40,52,58,66:0.89
48,58,60,62,66:0.86
34,40,56,58,62:0.87
29,34,40,52,60:0.93
36,40,56,58,60:0.89
29,36,48,58,60:0.92
34,36,52,58,7:0.88
29,36,40,5,62:0.86
