36,40,52,56,58,60:0.89
29,34,40,52,58,62:0.90
29,40,48,52,58,7:0.89
29,36,40,52,58,60:0.94
36,40,48,52,60,62:0.88
25,29,36,40,58,60:0.85
36,52,58,60,62,66:0.87
29,34,52,56,58,60:0.89
29,36,40,48,60,7:0.88
29,36,40,52,58,62:0.91
29,34,40,56,58,60:0.88
29,34,36,52,60,62:0.86
36,40,52,56,58,62:0.88
29,34,40,5,58,60:0.88
29,34,52,56,58,62:0.87
29,36,52,56,58,60:0.89
29,36,48,52,60,62:0.88
29,48,58,60,62,66:0.86
29,36,40,56,58,60:0.89
36,40,48,52,60,66:0.88
29,34,40,52,58,66:0.89
29,34,40,58,60,7:0.89
25,36,40,52,58,60:0.85
29,36,5,58,60,66:0.85
29,34,40,56,58,62:0.87
29,36,40,56,60,7:0.86
29,34,40,5,58,62:0.86
29,36,52,56,58,62:0.88
29,34,48,52,60,66:0.85
34,40,52,56,60,7:0.85
29,36,40,52,58,66:0.90
29,36,40,56,58,62:0.88
29,34,36,52,60,66:0.87
29,34,40,58,62,7:0.87
36,40,52,56,58,66:0.85
36,40,48,58,60,62:0.88
29,36,40,5,52,60:0.87
34,52,56,58,60,7:0.86
29,36,48,52,60,66:0.88
29,34,52,56,58,66:0.85
29,34,40,5,58,66:0.85
29,36,40,5,52,62:0.85
29,34,36,58,60,62:0.87
40,52,60,62,66,7:0.86
29,52,56,58,62,66:0.86
29,36,40,52,60,7:0.90
36,48,52,56,58,60:0.87
36,40,52,56,60,7:0.86
29,36,52,56,58,66:0.86
29,34,40,52,60,62:0.89
34,36,5,52,58,60:0.86
36,40,56,58,60,62:0.87
36,52,56,58,60,7:0.87
34,36,40,5,52,58:0.86
29,36,48,58,60,62:0.88
40,52,56,60,62,66:0.86
29,36,40,56,58,66:0.85
29,36,40,52,62,7:0.88
29,34,40,58,66,7:0.86
29,34,56,58,60,62:0.86
36,40,48,58,60,66:0.88
29,36,40,52,60,62:0.90
36,52,56,58,62,7:0.85
52,56,58,60,62,66:0.86
29,5,58,60,62,66:0.85
29,34,48,58,60,66:0.86
36,40,52,56,60,62:0.86
29,34,36,58,60,66:0.87
29,34,52,56,60,62:0.86
52,56,58,60,62,7:0.87
29,36,56,58,60,62:0.87
29,34,48,58,60,7:0.85
29,36,40,60,62,7:0.87
29,36,48,58,60,66:0.89
29,34,40,5,60,62:0.85
29,34,40,56,60,62:0.85
29,34,40,52,60,66:0.89
36,40,56,58,60,66:0.85
29,48,52,56,58,7:0.85
36,40,52,58,60,62:0.90
36,48,52,60,66,7:0.85
29,34,56,58,60,66:0.85
29,36,40,52,66,7:0.87
29,34,52,58,60,62:0.89
29,36,52,56,60,62:0.86
29,36,48,5,52,60:0.85
29,36,40,52,60,66:0.90
29,40,48,5,58,60:0.86
29,36,40,56,60,62:0.86
29,34,40,58,60,62:0.89
36,40,52,56,60,66:0.85
34,40,52,60,62,7:0.86
29,34,52,56,60,66:0.85
29,36,52,58,60,62:0.91
29,36,56,58,60,66:0.86
29,34,52,56,58,7:0.87
52,56,58,60,66,7:0.86
29,36,48,52,60,7:0.88
29,5,58,60,66,7:0.85
36,40,52,60,62,7:0.87
29,34,40,5,60,66:0.85
36,40,52,58,60,66:0.90
34,40,52,58,62,66:0.86
29,40,48,58,60,7:0.89
29,36,40,58,60,62:0.90
29,36,40,60,66,7:0.87
29,40,48,52,58,60:0.92
29,40,5,52,60,7:0.87
29,34,52,58,60,66:0.90
29,36,52,56,60,66:0.86
29,40,48,58,62,7:0.86
29,40,48,52,58,62:0.89
34,36,40,48,52,60:0.87
29,52,60,62,66,7:0.86
34,40,52,60,66,7:0.86
29,34,40,58,60,66:0.89
36,48,58,60,66,7:0.85
29,36,40,56,60,66:0.85
29,36,52,58,60,66:0.91
29,40,5,52,62,7:0.85
29,36,40,58,60,66:0.90
29,40,52,56,58,7:0.90
34,40,58,60,62,7:0.86
36,48,52,58,60,62:0.88
29,34,36,40,48,60:0.87
29,40,48,56,58,60:0.87
36,40,52,60,66,7:0.87
29,36,48,52,66,7:0.85
29,34,36,40,58,60:0.90
36,40,58,60,62,7:0.87
29,40,48,58,66,7:0.85
40,48,52,58,60,7:0.89
29,40,48,52,58,66:0.89
29,34,36,40,58,62:0.88
29,34,36,5,52,58:0.87
34,40,58,60,66,7:0.86
36,48,52,58,60,66:0.89
29,36,48,60,66,7:0.85
40,48,52,58,62,7:0.85
36,40,58,60,66,7:0.87
29,40,52,56,58,60:0.92
36,40,48,52,58,7:0.89
29,34,36,40,58,66:0.86
29,40,48,52,60,62:0.88
29,52,58,60,62,66:0.90
40,48,52,58,66,7:0.85
40,48,52,58,62,66:0.85
34,36,48,52,58,60:0.87
29,40,52,56,58,62:0.90
29,34,36,48,58,60:0.88
36,40,5,52,58,7:0.85
36,40,48,52,56,58:0.87
34,36,40,5,52,60:0.85
40,5,52,56,58,60:0.85
29,40,48,52,60,66:0.89
29,56,58,60,62,66:0.86
29,34,36,40,60,62:0.86
29,48,52,58,60,7:0.89
34,36,40,52,60,7:0.86
29,40,52,56,58,66:0.88
34,40,58,60,62,66:0.86
29,40,48,58,60,62:0.88
29,34,36,52,56,58:0.87
29,36,48,52,56,58:0.87
40,48,5,52,58,60:0.85
52,58,60,62,66,7:0.87
29,36,40,48,52,7:0.88
29,48,52,58,62,7:0.86
29,48,52,56,58,60:0.87
29,34,40,48,58,60:0.88
29,34,52,58,60,7:0.90
29,40,56,58,60,62:0.89
29,34,36,40,60,66:0.86
29,36,52,56,60,7:0.87
29,3,40,52,58,60:0.87
29,48,52,56,58,62:0.85
29,40,48,58,60,66:0.89
34,36,40,52,58,60:0.90
36,40,52,60,62,66:0.87
40,5,52,58,60,7:0.87
29,40,52,56,60,62:0.89
29,36,40,48,58,60:0.91
29,34,52,58,62,7:0.87
29,34,52,60,62,66:0.86
29,48,52,58,66,7:0.86
34,36,40,52,58,62:0.87
40,5,52,58,62,7:0.85
29,34,40,60,62,66:0.86
29,40,52,58,60,62:0.93
29,36,52,60,62,66:0.87
29,36,40,48,58,62:0.88
34,36,52,56,58,60:0.86
29,40,56,58,60,66:0.88
29,34,56,58,60,7:0.86
29,34,40,52,56,58:0.89
36,52,56,58,60,62:0.87
29,36,40,60,62,66:0.87
29,40,52,58,60,7:0.93
29,36,40,48,58,7:0.89
34,36,40,56,58,60:0.85
40,56,58,60,62,7:0.86
29,40,52,56,60,66:0.88
29,34,52,58,66,7:0.87
29,5,52,56,58,60:0.86
29,36,40,52,56,58:0.90
29,40,52,58,62,7:0.91
34,36,40,52,58,66:0.86
29,40,52,58,60,9:0.88
40,52,56,60,62,7:0.86
29,36,40,48,58,66:0.88
40,5,52,58,60,62:0.87
29,40,52,58,60,66:0.93
36,40,48,58,60,7:0.88
29,36,40,56,58,7:0.87
29,40,52,58,62,9:0.85
36,52,56,58,60,66:0.86
29,40,56,58,60,7:0.89
29,36,52,60,62,7:0.87
29,48,5,52,58,60:0.86
29,36,40,52,56,7:0.87
25,29,36,40,52,58:0.86
34,40,52,56,58,7:0.86
40,48,58,60,62,66:0.85
40,56,58,60,66,7:0.85
40,52,58,60,62,7:0.90
29,34,36,5,52,60:0.86
29,36,40,48,5,52:0.85
29,40,56,58,62,7:0.88
29,40,52,58,66,7:0.90
40,5,52,58,60,66:0.88
29,34,40,5,52,58:0.89
29,34,5,52,58,60:0.89
29,36,40,52,58,7:0.92
29,48,52,58,60,62:0.88
40,52,56,60,66,7:0.85
36,40,52,56,58,7:0.87
29,34,36,52,60,7:0.87
34,36,40,52,60,62:0.86
29,34,36,40,60,7:0.86
29,36,40,48,60,62:0.88
29,36,52,60,66,7:0.87
40,52,58,60,66,7:0.90
29,34,5,52,58,62:0.87
29,36,40,52,58,9:0.86
40,52,56,58,62,66:0.86
29,36,58,60,62,7:0.87
29,40,56,58,66,7:0.85
29,48,52,58,60,66:0.89
34,36,40,52,60,66:0.86
34,36,52,58,60,62:0.86
29,36,40,48,60,66:0.88
29,56,58,60,62,7:0.87
29,40,5,52,58,60:0.90
29,36,40,48,5,58:0.86
36,40,48,52,56,60:0.86
34,36,40,58,60,62:0.86
29,34,5,52,58,66:0.86
29,40,52,62,66,7:0.86
29,34,5,52,60,7:0.85
48,52,58,60,62,7:0.85
34,40,48,52,58,60:0.88
29,52,56,60,62,7:0.87
29,5,52,58,60,62:0.88
29,40,5,52,58,62:0.88
29,36,58,60,66,7:0.88
29,34,36,52,56,60:0.86
29,36,48,52,58,7:0.89
29,36,48,52,56,60:0.87
29,40,5,56,58,60:0.85
29,56,58,60,66,7:0.86
29,52,58,60,62,7:0.90
34,36,52,58,60,66:0.87
29,40,5,52,58,7:0.88
29,5,52,58,60,7:0.88
48,52,58,60,66,7:0.86
34,36,40,58,60,66:0.87
29,40,48,60,62,66:0.85
29,40,48,52,56,58:0.87
29,34,5,52,60,62:0.85
29,5,52,58,60,66:0.88
29,52,56,60,66,7:0.86
29,40,5,52,58,66:0.87
29,5,52,58,62,7:0.86
29,40,58,62,66,7:0.86
36,48,52,58,60,7:0.89
29,40,56,60,62,66:0.86
29,40,48,5,52,58:0.86
29,52,58,60,66,7:0.90
29,34,5,52,60,66:0.86
29,34,40,52,56,60:0.88
29,36,40,5,58,60:0.88
48,52,58,60,62,66:0.86
36,48,52,58,62,7:0.85
29,34,36,40,56,58:0.86
29,40,5,52,60,62:0.87
29,40,52,60,62,66:0.89
29,34,40,52,56,62:0.87
29,34,5,58,60,62:0.85
29,36,40,58,60,7:0.91
29,36,40,52,56,60:0.89
34,40,52,56,58,60:0.88
40,58,60,62,66,7:0.86
29,36,40,5,58,62:0.86
29,34,36,40,52,56:0.86
34,52,58,60,62,66:0.86
34,40,52,56,58,62:0.87
29,36,40,52,56,62:0.87
29,36,40,58,62,7:0.88
36,48,52,58,66,7:0.85
34,40,52,58,60,7:0.89
29,34,36,40,52,58:0.91
29,40,5,52,60,66:0.88
36,40,52,58,60,7:0.91
29,52,56,58,60,62:0.89
29,34,5,58,60,66:0.86
29,34,40,5,60,7:0.85
25,29,36,40,52,60:0.85
29,34,40,56,60,7:0.85
34,40,52,58,62,7:0.87
29,40,5,58,60,62:0.87
36,40,52,58,62,7:0.88
29,36,48,5,58,60:0.85
40,52,58,60,62,66:0.90
29,36,40,58,66,7:0.87
29,34,40,5,52,60:0.88
34,40,56,58,60,7:0.85
29,34,40,5,52,62:0.86
34,40,52,58,66,7:0.86
29,36,48,58,60,7:0.89
29,48,52,60,62,66:0.85
36,48,5,52,58,60:0.85
29,34,40,52,60,7:0.89
29,52,56,58,60,66:0.89
36,40,56,58,60,7:0.86
29,34,40,52,62,66:0.86
34,40,56,58,60,62:0.86
29,3,40,52,58,7:0.85
34,36,40,52,58,7:0.88
29,40,5,58,60,66:0.88
36,40,52,58,66,7:0.87
29,34,40,52,62,7:0.87
29,40,5,58,60,7:0.87
29,36,48,58,62,7:0.85
40,56,58,60,62,66:0.86
34,36,40,48,58,60:0.87
34,40,52,56,60,62:0.85
29,58,60,62,66,7:0.87
29,34,36,48,52,58:0.88
29,36,40,52,62,66:0.86
29,40,5,58,62,7:0.85
29,36,52,56,58,7:0.88
29,34,40,5,52,66:0.85
29,34,40,60,62,7:0.86
36,40,52,58,62,66:0.87
34,40,52,58,60,62:0.89
40,48,52,56,58,60:0.87
29,34,52,58,62,66:0.86
34,40,5,52,58,60:0.88
29,34,40,52,66,7:0.86
29,36,48,58,66,7:0.85
40,48,52,56,58,62:0.85
34,36,40,52,56,58:0.86
29,34,40,58,62,66:0.86
29,36,52,58,62,66:0.87
34,5,52,58,60,62:0.85
29,36,40,48,56,58:0.87
36,40,5,52,58,60:0.87
34,40,5,52,58,62:0.86
34,40,52,58,60,66:0.89
29,34,40,60,66,7:0.86
29,40,48,52,56,60:0.87
29,36,40,58,62,66:0.87
29,34,36,48,58,7:0.85
29,40,60,62,66,7:0.86
29,36,40,48,52,56:0.87
36,40,5,52,58,62:0.86
29,34,40,48,52,58:0.88
34,52,58,60,62,7:0.86
29,40,48,5,52,60:0.85
29,34,36,40,52,7:0.88
36,52,58,60,62,7:0.87
29,36,40,48,52,58:0.92
34,40,5,52,58,66:0.85
34,5,52,58,60,66:0.86
29,40,48,52,60,7:0.88
36,5,52,58,60,66:0.85
34,52,58,60,66,7:0.87
29,40,48,52,62,7:0.85
29,34,36,52,58,7:0.88
36,52,58,60,66,7:0.88
36,40,48,5,52,58:0.85
34,36,40,5,58,60:0.85
34,48,52,58,60,66:0.85
29,34,36,40,58,7:0.88
40,48,52,58,60,62:0.88
34,36,40,58,60,7:0.87
29,34,36,40,52,60:0.90
29,34,5,52,56,58:0.85
29,40,48,52,66,7:0.85
29,34,36,40,52,62:0.87
29,52,56,60,62,66:0.86
34,40,5,52,60,66:0.85
29,40,48,60,66,7:0.85
36,40,58,60,62,66:0.87
40,48,52,58,60,66:0.89
29,34,5,52,58,7:0.87
34,40,5,52,58,7:0.86
29,34,36,40,5,52:0.86
34,5,52,58,60,7:0.85
25,29,36,52,58,60:0.86
29,34,58,60,62,66:0.86
29,40,5,52,56,58:0.87
34,40,5,58,60,62:0.85
40,52,56,58,60,7:0.89
29,34,36,40,52,66:0.86
29,36,5,52,58,7:0.86
29,36,52,58,60,7:0.91
29,36,58,60,62,66:0.87
29,40,48,58,62,66:0.85
29,34,36,48,52,60:0.87
40,52,56,58,62,7:0.88
29,36,52,58,62,7:0.88
34,40,5,58,60,66:0.86
29,36,52,58,60,9:0.85
40,48,52,60,66,7:0.85
29,36,56,58,60,7:0.87
29,34,36,40,5,58:0.87
29,40,56,58,62,66:0.86
29,34,52,56,60,7:0.86
40,52,56,58,66,7:0.85
34,40,52,60,62,66:0.86
25,29,40,52,58,60:0.87
40,48,58,60,62,7:0.85
36,48,58,60,62,66:0.85
29,40,52,56,62,66:0.85
29,36,56,58,62,7:0.85
29,36,52,58,66,7:0.87
29,34,40,5,52,7:0.86
29,36,40,48,56,60:0.86
29,34,36,5,58,60:0.86
29,34,36,58,60,7:0.87
29,40,52,58,62,66:0.89
29,36,40,5,52,7:0.85
29,34,40,48,52,60:0.88
29,34,40,48,58,7:0.85
29,40,52,56,60,7:0.89
34,52,56,58,60,62:0.86
40,48,58,60,66,7:0.86
29,36,40,48,52,60:0.91
29,52,56,58,60,7:0.90
29,40,52,56,62,7:0.87
29,52,56,58,62,7:0.88
29,34,40,5,58,7:0.86
29,36,40,48,52,62:0.88
29,34,40,56,58,7:0.86
29,36,40,5,52,58:0.89
29,36,5,52,58,60:0.88
34,52,56,58,60,66:0.85
29,34,52,60,62,7:0.86
29,34,40,52,56,7:0.86
29,34,5,58,60,7:0.86
40,52,58,62,66,7:0.86
29,48,52,60,66,7:0.86
29,36,40,5,58,7:0.86
29,36,5,52,58,62:0.86
40,52,56,58,60,62:0.89
29,40,52,56,66,7:0.85
34,40,5,58,60,7:0.85
29,48,52,58,62,66:0.85
36,40,48,52,60,7:0.88
29,52,56,58,66,7:0.86
29,48,58,60,62,7:0.85
29,34,40,52,58,7:0.91
29,36,40,48,52,66:0.88
29,34,52,60,66,7:0.87
29,36,5,52,58,66:0.85
29,40,52,60,62,7:0.90
36,40,48,52,58,60:0.91
40,48,52,60,62,66:0.85
40,52,56,58,60,66:0.88
29,34,40,52,58,9:0.85
29,34,48,52,58,60:0.88
29,34,58,60,62,7:0.86
29,36,48,5,52,58:0.86
36,40,48,52,58,62:0.88
29,48,58,60,66,7:0.86
29,34,36,52,58,60:0.90
29,34,48,52,58,62:0.85
29,34,36,40,48,52:0.87
29,36,48,52,58,60:0.92
29,40,5,52,56,60:0.85
36,40,48,56,58,60:0.86
29,40,52,60,66,7:0.90
29,40,56,60,62,7:0.86
29,34,36,52,58,62:0.88
29,34,58,60,66,7:0.87
29,36,48,52,58,62:0.88
29,40,58,60,62,7:0.90
36,40,48,52,58,66:0.88
29,34,48,52,58,7:0.86
29,34,36,56,58,60:0.86
29,36,48,56,58,60:0.87
29,40,58,60,62,66:0.90
29,34,48,52,58,66:0.85
29,52,58,62,66,7:0.86
34,36,40,48,52,58:0.88
29,3,52,58,60,7:0.85
29,40,56,60,66,7:0.85
34,36,52,58,60,7:0.87
29,34,36,52,58,66:0.87
29,34,36,40,5,60:0.85
29,34,36,40,48,58:0.88
29,36,48,52,58,66:0.88
29,36,5,52,60,66:0.85
29,34,40,52,58,60:0.93
29,40,52,58,7,9:0.85
29,40,58,60,66,7:0.90
